

TREE # 1

  0  0.0000   2900.588131  x:  0.10007   0.09281   0.06643   0.02011   0.10282   0.01767   0.01290   0.06872   0.06175   0.05956   0.02639   2.00000   1.49274   0.06180   0.26656   2.84250  
  1 99.0000   2428.602563  x:  0.05138   0.05386   0.04666   0.04666   0.56864   0.05060   0.00741   0.02336   0.01440   0.01516   0.00046   1.99896   1.49236   0.06218   0.26609   2.84250  
  2 2841.0605   2380.083942  x:  0.03607   0.04166   0.04057   0.05329   0.69925   0.05916   0.00713   0.00946   0.00000   0.00200   0.04310   1.99864   1.49224   0.06229   0.26593   2.84250  
  3 21285.0311   2374.848830  x:  0.03312   0.03931   0.03941   0.05429   0.72206   0.06052   0.00736   0.00707   0.00715   0.00063   0.05041   1.99859   1.49222   0.06231   0.26590   2.84250  
  4 17159.6314   2368.694468  x:  0.02679   0.03452   0.03722   0.05427   0.75069   0.06099   0.00985   0.00414   0.01271   0.02576   0.05904   1.99849   1.49220   0.06234   0.26583   2.84250  
  5 3985.2657   2356.823197  x:  0.00000   0.01645   0.03023   0.04231   0.75665   0.04929   0.02161   0.02173   0.01286   0.02638   0.05968   1.99821   1.49217   0.06237   0.26571   2.84250  
  6 484.1578   2354.837454  x:  0.00000   0.00672   0.02724   0.03469   0.75739   0.04175   0.02131   0.01773   0.01281   0.02606   0.05946   1.99801   1.49215   0.06239   0.26545   2.84250  
  7 322.2190   2354.055585  x:  0.00000   0.00974   0.02524   0.02619   0.75897   0.03360   0.02236   0.01584   0.01278   0.02587   0.05937   1.99772   1.49213   0.06242   0.26489   2.84250  
  8 180.4658   2353.914043  x:  0.00000   0.00953   0.03161   0.02322   0.75965   0.03162   0.02285   0.01583   0.01278   0.02586   0.05938   1.99719   1.49207   0.06247   0.26342   2.84250  
  9 43.2879   2353.886852  x:  0.00000   0.00949   0.03232   0.02113   0.75973   0.03303   0.02269   0.01592   0.01278   0.02587   0.05938   1.99673   1.49202   0.06253   0.26220   2.84250  
 10 22.1709   2353.779349  x:  0.00000   0.00939   0.03176   0.02124   0.75999   0.03233   0.02142   0.01659   0.01278   0.02595   0.05942   1.98841   1.49093   0.06371   0.24145   2.84251  
 11  9.3402   2353.765133  x:  0.00000   0.00937   0.03168   0.02136   0.75991   0.03256   0.02309   0.01576   0.01275   0.02582   0.05936   1.98670   1.49058   0.06408   0.23891   2.84251  
 12 19.9000   2352.327627  x:  0.00000   0.00931   0.03164   0.02128   0.76544   0.03251   0.02225   0.01474   0.01221   0.02556   0.05953   1.66748   1.39201   0.16637   0.22034   2.84275  
 13  5.9157   2339.950273  x:  0.00000   0.00925   0.03303   0.02180   0.83172   0.03423   0.01549   0.00194   0.00614   0.02277   0.06175   1.87915   1.06834   0.55781   0.16468   2.83486  
 14  1.0764   2330.248607  x:  0.00000   0.01094   0.03583   0.02639   0.89635   0.03921   0.00529   0.00230   0.00068   0.02114   0.06450   1.80767   1.49106   0.25574   0.21599   2.80034  
 15  2.8696   2326.147484  x:  0.00000   0.01163   0.03726   0.02731   0.92434   0.04070   0.00807   0.00464   0.00000   0.02062   0.06579   1.86961   1.46193   0.32236   0.21118   2.79515  
 16  0.6852   2306.373331  x:  0.00000   0.01984   0.05365   0.03985   1.25793   0.05878   0.03256   0.03144   0.00736   0.01815   0.08308   2.42226   1.76524   0.52136   0.25142   2.70825  
 17  2.7666   2290.240097  x:  0.00000   0.00919   0.03416   0.01848   1.51777   0.03136   0.03216   0.02273   0.00611   0.01014   0.09095   1.80053   2.61961   0.16670   0.25482   2.65211  
 18  0.5066   2286.477036  x:  0.00000   0.00780   0.03167   0.01598   1.58423   0.02887   0.02431   0.02525   0.00599   0.00849   0.09284   1.95770   2.17519   0.71978   0.15721   2.64345  
 19  2.0167   2280.877787  x:  0.00000   0.00945   0.03332   0.02288   1.73800   0.03680   0.01352   0.02437   0.00528   0.00431   0.09684   2.14037   1.85642   1.21000   0.14997   2.66076  
 20  0.8371   2278.071790  x:  0.00000   0.01063   0.03431   0.02831   1.83177   0.04182   0.01377   0.01801   0.00448   0.00182   0.09857   2.08817   2.20558   0.96142   0.17967   2.68416  
 21  0.7598   2275.878020  x:  0.00000   0.01226   0.03652   0.03333   1.89261   0.04616   0.01314   0.00995   0.00335   0.00620   0.09916   2.08476   2.42292   0.79197   0.19807   2.72191  
 22  0.2803   2274.020183  x:  0.00000   0.01156   0.03502   0.03201   1.99435   0.04379   0.00978   0.00412   0.00236   0.00612   0.09979   2.12123   2.35499   1.00152   0.16454   2.74273  
 23  0.2897   2272.720787  x:  0.00000   0.01074   0.03414   0.02815   2.05510   0.03962   0.01157   0.00701   0.00294   0.00600   0.09965   2.22391   2.17741   1.26424   0.13146   2.75687  
 24  0.4065   2271.131909  x:  0.00000   0.00947   0.03241   0.02439   2.19708   0.03516   0.01798   0.00515   0.00324   0.00645   0.09746   2.40664   2.20731   1.34197   0.15080   2.84838  
 25  0.1446   2268.328400  x:  0.00000   0.01390   0.04159   0.03007   2.47746   0.04700   0.02557   0.00498   0.00410   0.00801   0.08948   2.57805   2.48582   1.34864   0.12646   3.04639  
 26  0.1585   2261.220181  x:  0.00000   0.00911   0.04133   0.01754   3.41511   0.04118   0.01989   0.01831   0.00644   0.01046   0.04680   3.14459   2.73391   2.05135   0.10204   3.81761  
 27  0.2542   2258.298497  x:  0.00000   0.00959   0.04172   0.01910   3.71605   0.04106   0.01894   0.01899   0.00675   0.01142   0.02701   3.17935   2.99375   2.05016   0.07473   4.13978  
 28  0.5058   2257.125458  x:  0.00000   0.01016   0.04078   0.02207   3.75939   0.04125   0.01736   0.01848   0.00660   0.01155   0.01847   3.13129   3.10750   1.88558   0.09064   4.26659  
 29  0.6018   2254.626114  x:  0.00000   0.01225   0.03409   0.03340   3.44674   0.03984   0.00938   0.00809   0.00419   0.00941   0.01737   2.73890   2.78653   1.63693   0.09504   4.19500  
 30  0.3219   2254.169529  x:  0.00000   0.01229   0.03189   0.03509   3.33327   0.04005   0.01252   0.00501   0.00382   0.00884   0.01774   2.64356   2.67197   1.52079   0.09749   4.17286  
 31  0.3360   2253.874497  x:  0.00000   0.01128   0.03069   0.03341   3.32675   0.04026   0.01512   0.00671   0.00421   0.00871   0.01409   2.65870   2.61293   1.48690   0.09632   4.22294  
 32  0.1083   2253.598659  x:  0.00000   0.01005   0.02809   0.03267   3.10537   0.04058   0.01663   0.00743   0.00415   0.00769   0.01776   2.55483   2.43084   1.29850   0.10392   4.13207  
 33  0.3880   2253.379918  x:  0.00000   0.00988   0.02592   0.03445   2.90954   0.04082   0.01604   0.00651   0.00373   0.00666   0.01510   2.42945   2.22913   1.07631   0.10939   4.12908  
 34  0.4113   2253.264199  x:  0.00000   0.01131   0.02956   0.03508   2.87440   0.04118   0.01463   0.00717   0.00370   0.00682   0.01436   2.48265   2.18539   1.03167   0.11157   4.14117  
 35  0.0564   2253.231200  x:  0.00000   0.01081   0.03052   0.03262   2.83789   0.04005   0.01434   0.00759   0.00369   0.00698   0.01476   2.52984   2.14748   1.00491   0.11303   4.13718  
 36  0.0387   2253.224718  x:  0.00000   0.01073   0.03116   0.03162   2.84867   0.04023   0.01435   0.00729   0.00366   0.00718   0.01430   2.55107   2.15539   1.01406   0.11273   4.15151  
 37  0.0190   2253.222831  x:  0.00000   0.01079   0.03163   0.03125   2.83755   0.04052   0.01449   0.00716   0.00364   0.00721   0.01452   2.55044   2.14968   1.00896   0.11304   4.15126  
 38  0.0111   2253.222180  x:  0.00000   0.01082   0.03235   0.03068   2.83949   0.04037   0.01447   0.00718   0.00363   0.00726   0.01456   2.54460   2.16393   1.02319   0.11301   4.16040  
 39  0.0060   2253.222024  x:  0.00000   0.01080   0.03246   0.03049   2.83550   0.04040   0.01448   0.00719   0.00363   0.00724   0.01449   2.54041   2.16558   1.02493   0.11310   4.16563  
 40  0.0062   2253.221967  x:  0.00000   0.01079   0.03247   0.03042   2.83736   0.04049   0.01449   0.00721   0.00363   0.00724   0.01451   2.54055   2.17539   1.03520   0.11303   4.17337  
 41  0.0063   2253.221808  x:  0.00000   0.01082   0.03254   0.03039   2.83598   0.04051   0.01441   0.00721   0.00360   0.00722   0.01451   2.54158   2.20948   1.06977   0.11305   4.21064  
 42  0.0090   2253.221623  x:  0.00000   0.01079   0.03253   0.03039   2.83684   0.04042   0.01450   0.00720   0.00358   0.00720   0.01451   2.54256   2.25218   1.11339   0.11297   4.26212  
 43  0.0288   2253.221521  x:  0.00000   0.01081   0.03249   0.03053   2.83622   0.04047   0.01452   0.00723   0.00357   0.00723   0.01448   2.54256   2.26849   1.13032   0.11306   4.31278  
 44  0.0092   2253.221386  x:  0.00000   0.01079   0.03234   0.03057   2.83526   0.04044   0.01450   0.00721   0.00356   0.00728   0.01451   2.54110   2.28310   1.14444   0.11312   4.38600  
 45  0.0232   2253.221193  x:  0.00000   0.01082   0.03222   0.03073   2.83734   0.04046   0.01449   0.00721   0.00355   0.00726   0.01450   2.53834   2.29842   1.15847   0.11283   4.52433  
 46  0.0175   2253.220919  x:  0.00000   0.01079   0.03248   0.03044   2.83724   0.04042   0.01452   0.00724   0.00354   0.00726   0.01451   2.54431   2.31204   1.17305   0.11287   4.69624  
 47  0.0533   2253.220787  x:  0.00000   0.01079   0.03242   0.03053   2.83827   0.04045   0.01451   0.00722   0.00353   0.00723   0.01451   2.54216   2.32941   1.18939   0.11298   4.84390  
 48  0.0623   2253.220746  x:  0.00000   0.01080   0.03245   0.03046   2.83681   0.04043   0.01451   0.00723   0.00354   0.00723   0.01452   2.54298   2.33622   1.19626   0.11313   4.85102  
 49  0.0025   2253.220577  x:  0.00000   0.01083   0.03241   0.03049   2.83684   0.04044   0.01451   0.00720   0.00360   0.00723   0.01450   2.54147   2.38558   1.24564   0.11303   5.00533  
 50  0.0212   2253.220554  x:  0.00000   0.01080   0.03244   0.03049   2.83653   0.04044   0.01450   0.00721   0.00359   0.00723   0.01451   2.54197   2.38915   1.24987   0.11303   5.02840  
 51  0.0179   2253.220553  x:  0.00000   0.01080   0.03244   0.03049   2.83651   0.04044   0.01450   0.00721   0.00359   0.00723   0.01451   2.54192   2.39147   1.25221   0.11303   5.03768  
 52  0.0086   2253.220553  x:  0.00000   0.01080   0.03244   0.03049   2.83651   0.04044   0.01450   0.00721   0.00359   0.00723   0.01451   2.54192   2.39143   1.25216   0.11303   5.03724  
 53  0.0005   2253.220553  x:  0.00000   0.01080   0.03244   0.03049   2.83651   0.04044   0.01450   0.00721   0.00359   0.00723   0.01451   2.54192   2.39140   1.25213   0.11303   5.03703  
 54  0.0003   2253.220553  x:  0.00000   0.01080   0.03244   0.03049   2.83651   0.04044   0.01450   0.00721   0.00359   0.00723   0.01451   2.54192   2.39139   1.25212   0.11303   5.03698  
 55  0.0001   2253.220553  x:  0.00000   0.01080   0.03244   0.03049   2.83651   0.04044   0.01450   0.00721   0.00359   0.00723   0.01451   2.54192   2.39139   1.25212   0.11303   5.03698  
 56  0.0000   2253.220553  x:  0.00000   0.01080   0.03244   0.03049   2.83651   0.04044   0.01450   0.00721   0.00359   0.00723   0.01451   2.54192   2.39139   1.25212   0.11303   5.03697  